1.000000000000000000e+00 8.000000000000000444e-01 1.000000000000000000e+00 0.000000000000000000e+00 0.000000000000000000e+00 0.000000000000000000e+00 8.361577361456297153e-01
1.000000000000000000e+00 8.081632653061224802e-01 1.000000000000000000e+00 0.000000000000000000e+00 0.000000000000000000e+00 0.000000000000000000e+00 8.436309136802776498e-01
1.000000000000000000e+00 8.163265306122449161e-01 1.000000000000000000e+00 0.000000000000000000e+00 0.000000000000000000e+00 0.000000000000000000e+00 8.511040912149260285e-01
1.000000000000000000e+00 8.244897959183673519e-01 1.000000000000000000e+00 0.000000000000000000e+00 0.000000000000000000e+00 0.000000000000000000e+00 8.585772687495739630e-01
1.000000000000000000e+00 8.326530612244897878e-01 1.000000000000000000e+00 0.000000000000000000e+00 0.000000000000000000e+00 0.000000000000000000e+00 8.660504462842221196e-01
1.000000000000000000e+00 8.408163265306123346e-01 1.000000000000000000e+00 0.000000000000000000e+00 0.000000000000000000e+00 0.000000000000000000e+00 8.735236238188703872e-01
1.000000000000000000e+00 8.489795918367347705e-01 1.000000000000000000e+00 0.000000000000000000e+00 0.000000000000000000e+00 0.000000000000000000e+00 8.809968013535184328e-01
1.000000000000000000e+00 8.571428571428572063e-01 1.000000000000000000e+00 0.000000000000000000e+00 0.000000000000000000e+00 0.000000000000000000e+00 8.884513077872178144e-01
1.000000000000000000e+00 8.653061224489796421e-01 1.000000000000000000e+00 0.000000000000000000e+00 0.000000000000000000e+00 0.000000000000000000e+00 8.959031469207818787e-01
1.000000000000000000e+00 8.734693877551020780e-01 1.000000000000000000e+00 0.000000000000000000e+00 0.000000000000000000e+00 0.000000000000000000e+00 9.033549860543457211e-01
1.000000000000000000e+00 8.816326530612245138e-01 1.000000000000000000e+00 0.000000000000000000e+00 0.000000000000000000e+00 0.000000000000000000e+00 9.108068251879096744e-01
1.000000000000000000e+00 8.897959183673469497e-01 1.000000000000000000e+00 0.000000000000000000e+00 0.000000000000000000e+00 0.000000000000000000e+00 9.182586643214735167e-01
1.000000000000000000e+00 8.979591836734693855e-01 1.000000000000000000e+00 0.000000000000000000e+00 0.000000000000000000e+00 0.000000000000000000e+00 9.257105034550374700e-01
1.000000000000000000e+00 9.061224489795918213e-01 1.000000000000000000e+00 0.000000000000000000e+00 0.000000000000000000e+00 0.000000000000000000e+00 9.331456008112343214e-01
1.000000000000000000e+00 9.142857142857143682e-01 1.000000000000000000e+00 0.000000000000000000e+00 0.000000000000000000e+00 0.000000000000000000e+00 9.405751175749755832e-01
1.000000000000000000e+00 9.224489795918368040e-01 1.000000000000000000e+00 0.000000000000000000e+00 0.000000000000000000e+00 0.000000000000000000e+00 9.480046343387165120e-01
1.000000000000000000e+00 9.306122448979592399e-01 1.000000000000000000e+00 0.000000000000000000e+00 0.000000000000000000e+00 0.000000000000000000e+00 9.554341511024575517e-01
1.000000000000000000e+00 9.387755102040816757e-01 1.000000000000000000e+00 0.000000000000000000e+00 0.000000000000000000e+00 0.000000000000000000e+00 9.628636678661988135e-01
1.000000000000000000e+00 9.469387755102041115e-01 1.000000000000000000e+00 0.000000000000000000e+00 0.000000000000000000e+00 0.000000000000000000e+00 9.702931846299397423e-01
1.000000000000000000e+00 9.551020408163265474e-01 1.000000000000000000e+00 0.000000000000000000e+00 0.000000000000000000e+00 0.000000000000000000e+00 9.777062479625966418e-01
1.000000000000000000e+00 9.632653061224489832e-01 1.000000000000000000e+00 0.000000000000000000e+00 0.000000000000000000e+00 0.000000000000000000e+00 9.851094392366027686e-01
1.000000000000000000e+00 9.714285714285714191e-01 1.000000000000000000e+00 0.000000000000000000e+00 0.000000000000000000e+00 0.000000000000000000e+00 9.925126305106087843e-01
1.000000000000000000e+00 9.795918367346938549e-01 1.000000000000000000e+00 0.000000000000000000e+00 0.000000000000000000e+00 0.000000000000000000e+00 9.999158217846151331e-01
1.000000000000000000e+00 9.877551020408164018e-01 1.000000000000000000e+00 0.000000000000000000e+00 0.000000000000000000e+00 0.000000000000000000e+00 1.007319013058621371e+00
1.000000000000000000e+00 9.959183673469387266e-01 1.000000000000000000e+00 0.000000000000000000e+00 0.000000000000000000e+00 0.000000000000000000e+00 1.014722204332627387e+00
1.000000000000000000e+00 1.004081632653061273e+00 1.000000000000000000e+00 0.000000000000000000e+00 0.000000000000000000e+00 0.000000000000000000e+00 1.022107346861277355e+00
1.000000000000000000e+00 1.012244897959183598e+00 1.000000000000000000e+00 0.000000000000000000e+00 0.000000000000000000e+00 0.000000000000000000e+00 1.029474440644569944e+00
1.000000000000000000e+00 1.020408163265306145e+00 1.000000000000000000e+00 0.000000000000000000e+00 0.000000000000000000e+00 0.000000000000000000e+00 1.036841534427862976e+00
1.000000000000000000e+00 1.028571428571428470e+00 1.000000000000000000e+00 0.000000000000000000e+00 0.000000000000000000e+00 0.000000000000000000e+00 1.044208628211155787e+00
1.000000000000000000e+00 1.036734693877551017e+00 1.000000000000000000e+00 0.000000000000000000e+00 0.000000000000000000e+00 0.000000000000000000e+00 1.051575721994448820e+00
1.000000000000000000e+00 1.044897959183673564e+00 1.000000000000000000e+00 0.000000000000000000e+00 0.000000000000000000e+00 0.000000000000000000e+00 1.058942815777741853e+00
1.000000000000000000e+00 1.053061224489795888e+00 1.000000000000000000e+00 0.000000000000000000e+00 0.000000000000000000e+00 0.000000000000000000e+00 1.066290228964918319e+00
1.000000000000000000e+00 1.061224489795918435e+00 1.000000000000000000e+00 0.000000000000000000e+00 0.000000000000000000e+00 0.000000000000000000e+00 1.073604841158567691e+00
1.000000000000000000e+00 1.069387755102040760e+00 1.000000000000000000e+00 0.000000000000000000e+00 0.000000000000000000e+00 0.000000000000000000e+00 1.080919453352217285e+00
1.000000000000000000e+00 1.077551020408163307e+00 1.000000000000000000e+00 0.000000000000000000e+00 0.000000000000000000e+00 0.000000000000000000e+00 1.088234065545866880e+00
1.000000000000000000e+00 1.085714285714285854e+00 1.000000000000000000e+00 0.000000000000000000e+00 0.000000000000000000e+00 0.000000000000000000e+00 1.095548677739516252e+00
1.000000000000000000e+00 1.093877551020408179e+00 1.000000000000000000e+00 0.000000000000000000e+00 0.000000000000000000e+00 0.000000000000000000e+00 1.102863289933165625e+00
1.000000000000000000e+00 1.102040816326530503e+00 1.000000000000000000e+00 0.000000000000000000e+00 0.000000000000000000e+00 0.000000000000000000e+00 1.110156917983994074e+00
1.000000000000000000e+00 1.110204081632653050e+00 1.000000000000000000e+00 0.000000000000000000e+00 0.000000000000000000e+00 0.000000000000000000e+00 1.117387593606360419e+00
1.000000000000000000e+00 1.118367346938775597e+00 1.000000000000000000e+00 0.000000000000000000e+00 0.000000000000000000e+00 0.000000000000000000e+00 1.124618269228726319e+00
1.000000000000000000e+00 1.126530612244897922e+00 1.000000000000000000e+00 0.000000000000000000e+00 0.000000000000000000e+00 0.000000000000000000e+00 1.131848944851092442e+00
1.000000000000000000e+00 1.134693877551020469e+00 1.000000000000000000e+00 0.000000000000000000e+00 0.000000000000000000e+00 0.000000000000000000e+00 1.139079620473458565e+00
1.000000000000000000e+00 1.142857142857142794e+00 1.000000000000000000e+00 0.000000000000000000e+00 0.000000000000000000e+00 0.000000000000000000e+00 1.146310296095824466e+00
1.000000000000000000e+00 1.151020408163265341e+00 1.000000000000000000e+00 0.000000000000000000e+00 0.000000000000000000e+00 0.000000000000000000e+00 1.153516328890177078e+00
1.000000000000000000e+00 1.159183673469387887e+00 1.000000000000000000e+00 0.000000000000000000e+00 0.000000000000000000e+00 0.000000000000000000e+00 1.160549861888432899e+00
1.000000000000000000e+00 1.167346938775510212e+00 1.000000000000000000e+00 0.000000000000000000e+00 0.000000000000000000e+00 0.000000000000000000e+00 1.167583394886688275e+00
1.000000000000000000e+00 1.175510204081632537e+00 1.000000000000000000e+00 0.000000000000000000e+00 0.000000000000000000e+00 0.000000000000000000e+00 1.174616927884944095e+00
1.000000000000000000e+00 1.183673469387755084e+00 1.000000000000000000e+00 0.000000000000000000e+00 0.000000000000000000e+00 0.000000000000000000e+00 1.181650460883200138e+00
1.000000000000000000e+00 1.191836734693877631e+00 1.000000000000000000e+00 0.000000000000000000e+00 0.000000000000000000e+00 0.000000000000000000e+00 1.188683993881455736e+00
1.000000000000000000e+00 1.199999999999999956e+00 1.000000000000000000e+00 0.000000000000000000e+00 0.000000000000000000e+00 0.000000000000000000e+00 1.195717526879711556e+00
