1.000000000000000000e+00 8.000000000000000444e-01 1.000000000000000000e+00 0.000000000000000000e+00 0.000000000000000000e+00 0.000000000000000000e+00 -4.415773614562964328e-02
1.000000000000000000e+00 8.081632653061224802e-01 1.000000000000000000e+00 0.000000000000000000e+00 0.000000000000000000e+00 0.000000000000000000e+00 -4.354928102721652983e-02
1.000000000000000000e+00 8.163265306122449161e-01 1.000000000000000000e+00 0.000000000000000000e+00 0.000000000000000000e+00 0.000000000000000000e+00 -4.294082590880340944e-02
1.000000000000000000e+00 8.244897959183673519e-01 1.000000000000000000e+00 0.000000000000000000e+00 0.000000000000000000e+00 0.000000000000000000e+00 -4.233237079039029599e-02
1.000000000000000000e+00 8.326530612244897878e-01 1.000000000000000000e+00 0.000000000000000000e+00 0.000000000000000000e+00 0.000000000000000000e+00 -4.172391567197717560e-02
1.000000000000000000e+00 8.408163265306123346e-01 1.000000000000000000e+00 0.000000000000000000e+00 0.000000000000000000e+00 0.000000000000000000e+00 -4.111546055356405521e-02
1.000000000000000000e+00 8.489795918367347705e-01 1.000000000000000000e+00 0.000000000000000000e+00 0.000000000000000000e+00 0.000000000000000000e+00 -4.050700543515093482e-02
1.000000000000000000e+00 8.571428571428572063e-01 1.000000000000000000e+00 0.000000000000000000e+00 0.000000000000000000e+00 0.000000000000000000e+00 -3.987987921578918515e-02
1.000000000000000000e+00 8.653061224489796421e-01 1.000000000000000000e+00 0.000000000000000000e+00 0.000000000000000000e+00 0.000000000000000000e+00 -3.925008569629189620e-02
1.000000000000000000e+00 8.734693877551020780e-01 1.000000000000000000e+00 0.000000000000000000e+00 0.000000000000000000e+00 0.000000000000000000e+00 -3.862029217679462112e-02
1.000000000000000000e+00 8.816326530612245138e-01 1.000000000000000000e+00 0.000000000000000000e+00 0.000000000000000000e+00 0.000000000000000000e+00 -3.799049865729732522e-02
1.000000000000000000e+00 8.897959183673469497e-01 1.000000000000000000e+00 0.000000000000000000e+00 0.000000000000000000e+00 0.000000000000000000e+00 -3.736070513780005015e-02
1.000000000000000000e+00 8.979591836734693855e-01 1.000000000000000000e+00 0.000000000000000000e+00 0.000000000000000000e+00 0.000000000000000000e+00 -3.673091161830276813e-02
1.000000000000000000e+00 9.061224489795918213e-01 1.000000000000000000e+00 0.000000000000000000e+00 0.000000000000000000e+00 0.000000000000000000e+00 -3.608437632143835644e-02
1.000000000000000000e+00 9.142857142857143682e-01 1.000000000000000000e+00 0.000000000000000000e+00 0.000000000000000000e+00 0.000000000000000000e+00 -3.543226043211823717e-02
1.000000000000000000e+00 9.224489795918368040e-01 1.000000000000000000e+00 0.000000000000000000e+00 0.000000000000000000e+00 0.000000000000000000e+00 -3.478014454279814566e-02
1.000000000000000000e+00 9.306122448979592399e-01 1.000000000000000000e+00 0.000000000000000000e+00 0.000000000000000000e+00 0.000000000000000000e+00 -3.412802865347803333e-02
1.000000000000000000e+00 9.387755102040816757e-01 1.000000000000000000e+00 0.000000000000000000e+00 0.000000000000000000e+00 0.000000000000000000e+00 -3.347591276415792100e-02
1.000000000000000000e+00 9.469387755102041115e-01 1.000000000000000000e+00 0.000000000000000000e+00 0.000000000000000000e+00 0.000000000000000000e+00 -3.282379687483782255e-02
1.000000000000000000e+00 9.551020408163265474e-01 1.000000000000000000e+00 0.000000000000000000e+00 0.000000000000000000e+00 0.000000000000000000e+00 -3.215522755443337571e-02
1.000000000000000000e+00 9.632653061224489832e-01 1.000000000000000000e+00 0.000000000000000000e+00 0.000000000000000000e+00 0.000000000000000000e+00 -3.147678617537835039e-02
1.000000000000000000e+00 9.714285714285714191e-01 1.000000000000000000e+00 0.000000000000000000e+00 0.000000000000000000e+00 0.000000000000000000e+00 -3.079834479632332506e-02
1.000000000000000000e+00 9.795918367346938549e-01 1.000000000000000000e+00 0.000000000000000000e+00 0.000000000000000000e+00 0.000000000000000000e+00 -3.011990341726828238e-02
1.000000000000000000e+00 9.877551020408164018e-01 1.000000000000000000e+00 0.000000000000000000e+00 0.000000000000000000e+00 0.000000000000000000e+00 -2.944146203821324664e-02
1.000000000000000000e+00 9.959183673469387266e-01 1.000000000000000000e+00 0.000000000000000000e+00 0.000000000000000000e+00 0.000000000000000000e+00 -2.876302065915823866e-02
1.000000000000000000e+00 1.004081632653061273e+00 1.000000000000000000e+00 0.000000000000000000e+00 0.000000000000000000e+00 0.000000000000000000e+00 -2.806653053474652756e-02
1.000000000000000000e+00 1.012244897959183598e+00 1.000000000000000000e+00 0.000000000000000000e+00 0.000000000000000000e+00 0.000000000000000000e+00 -2.735199166497821396e-02
1.000000000000000000e+00 1.020408163265306145e+00 1.000000000000000000e+00 0.000000000000000000e+00 0.000000000000000000e+00 0.000000000000000000e+00 -2.663745279520986567e-02
1.000000000000000000e+00 1.028571428571428470e+00 1.000000000000000000e+00 0.000000000000000000e+00 0.000000000000000000e+00 0.000000000000000000e+00 -2.592291392544153125e-02
1.000000000000000000e+00 1.036734693877551017e+00 1.000000000000000000e+00 0.000000000000000000e+00 0.000000000000000000e+00 0.000000000000000000e+00 -2.520837505567318643e-02
1.000000000000000000e+00 1.044897959183673564e+00 1.000000000000000000e+00 0.000000000000000000e+00 0.000000000000000000e+00 0.000000000000000000e+00 -2.449383618590484507e-02
1.000000000000000000e+00 1.053061224489795888e+00 1.000000000000000000e+00 0.000000000000000000e+00 0.000000000000000000e+00 0.000000000000000000e+00 -2.375961672007831371e-02
1.000000000000000000e+00 1.061224489795918435e+00 1.000000000000000000e+00 0.000000000000000000e+00 0.000000000000000000e+00 0.000000000000000000e+00 -2.299259626082144486e-02
1.000000000000000000e+00 1.069387755102040760e+00 1.000000000000000000e+00 0.000000000000000000e+00 0.000000000000000000e+00 0.000000000000000000e+00 -2.222557580156458990e-02
1.000000000000000000e+00 1.077551020408163307e+00 1.000000000000000000e+00 0.000000000000000000e+00 0.000000000000000000e+00 0.000000000000000000e+00 -2.145855534230772105e-02
1.000000000000000000e+00 1.085714285714285854e+00 1.000000000000000000e+00 0.000000000000000000e+00 0.000000000000000000e+00 0.000000000000000000e+00 -2.069153488305084873e-02
1.000000000000000000e+00 1.093877551020408179e+00 1.000000000000000000e+00 0.000000000000000000e+00 0.000000000000000000e+00 0.000000000000000000e+00 -1.992451442379401111e-02
1.000000000000000000e+00 1.102040816326530503e+00 1.000000000000000000e+00 0.000000000000000000e+00 0.000000000000000000e+00 0.000000000000000000e+00 -1.913650982205360174e-02
1.000000000000000000e+00 1.110204081632653050e+00 1.000000000000000000e+00 0.000000000000000000e+00 0.000000000000000000e+00 0.000000000000000000e+00 -1.828555279286250487e-02
1.000000000000000000e+00 1.118367346938775597e+00 1.000000000000000000e+00 0.000000000000000000e+00 0.000000000000000000e+00 0.000000000000000000e+00 -1.743459576367140454e-02
1.000000000000000000e+00 1.126530612244897922e+00 1.000000000000000000e+00 0.000000000000000000e+00 0.000000000000000000e+00 0.000000000000000000e+00 -1.658363873448032849e-02
1.000000000000000000e+00 1.134693877551020469e+00 1.000000000000000000e+00 0.000000000000000000e+00 0.000000000000000000e+00 0.000000000000000000e+00 -1.573268170528922816e-02
1.000000000000000000e+00 1.142857142857142794e+00 1.000000000000000000e+00 0.000000000000000000e+00 0.000000000000000000e+00 0.000000000000000000e+00 -1.488172467609815038e-02
1.000000000000000000e+00 1.151020408163265341e+00 1.000000000000000000e+00 0.000000000000000000e+00 0.000000000000000000e+00 0.000000000000000000e+00 -1.400612482758409501e-02
1.000000000000000000e+00 1.159183673469387887e+00 1.000000000000000000e+00 0.000000000000000000e+00 0.000000000000000000e+00 0.000000000000000000e+00 -1.295802524380935440e-02
1.000000000000000000e+00 1.167346938775510212e+00 1.000000000000000000e+00 0.000000000000000000e+00 0.000000000000000000e+00 0.000000000000000000e+00 -1.190992566003466063e-02
1.000000000000000000e+00 1.175510204081632537e+00 1.000000000000000000e+00 0.000000000000000000e+00 0.000000000000000000e+00 0.000000000000000000e+00 -1.086182607625994084e-02
1.000000000000000000e+00 1.183673469387755084e+00 1.000000000000000000e+00 0.000000000000000000e+00 0.000000000000000000e+00 0.000000000000000000e+00 -9.813726492485198502e-03
1.000000000000000000e+00 1.191836734693877631e+00 1.000000000000000000e+00 0.000000000000000000e+00 0.000000000000000000e+00 0.000000000000000000e+00 -8.765626908710459630e-03
1.000000000000000000e+00 1.199999999999999956e+00 1.000000000000000000e+00 0.000000000000000000e+00 0.000000000000000000e+00 0.000000000000000000e+00 -7.717527324935739841e-03
