1.000000000000000000e+00 8.000000000000000444e-01 1.000000000000000000e+00 0.000000000000000000e+00 0.000000000000000000e+00 0.000000000000000000e+00 -1.968833017600124524e-02
1.000000000000000000e+00 8.081632653061224802e-01 1.000000000000000000e+00 0.000000000000000000e+00 0.000000000000000000e+00 0.000000000000000000e+00 -2.003491573254533378e-02
1.000000000000000000e+00 8.163265306122449161e-01 1.000000000000000000e+00 0.000000000000000000e+00 0.000000000000000000e+00 0.000000000000000000e+00 -2.038150128908943273e-02
1.000000000000000000e+00 8.244897959183673519e-01 1.000000000000000000e+00 0.000000000000000000e+00 0.000000000000000000e+00 0.000000000000000000e+00 -2.072808684563352127e-02
1.000000000000000000e+00 8.326530612244897878e-01 1.000000000000000000e+00 0.000000000000000000e+00 0.000000000000000000e+00 0.000000000000000000e+00 -2.107467240217761675e-02
1.000000000000000000e+00 8.408163265306123346e-01 1.000000000000000000e+00 0.000000000000000000e+00 0.000000000000000000e+00 0.000000000000000000e+00 -2.142125795872171570e-02
1.000000000000000000e+00 8.489795918367347705e-01 1.000000000000000000e+00 0.000000000000000000e+00 0.000000000000000000e+00 0.000000000000000000e+00 -2.176784351526580771e-02
1.000000000000000000e+00 8.571428571428572063e-01 1.000000000000000000e+00 0.000000000000000000e+00 0.000000000000000000e+00 0.000000000000000000e+00 -2.211950413272950264e-02
1.000000000000000000e+00 8.653061224489796421e-01 1.000000000000000000e+00 0.000000000000000000e+00 0.000000000000000000e+00 0.000000000000000000e+00 -2.247188975889600690e-02
1.000000000000000000e+00 8.734693877551020780e-01 1.000000000000000000e+00 0.000000000000000000e+00 0.000000000000000000e+00 0.000000000000000000e+00 -2.282427538506250422e-02
1.000000000000000000e+00 8.816326530612245138e-01 1.000000000000000000e+00 0.000000000000000000e+00 0.000000000000000000e+00 0.000000000000000000e+00 -2.317666101122900849e-02
1.000000000000000000e+00 8.897959183673469497e-01 1.000000000000000000e+00 0.000000000000000000e+00 0.000000000000000000e+00 0.000000000000000000e+00 -2.352904663739550234e-02
1.000000000000000000e+00 8.979591836734693855e-01 1.000000000000000000e+00 0.000000000000000000e+00 0.000000000000000000e+00 0.000000000000000000e+00 -2.388143226356199619e-02
1.000000000000000000e+00 9.061224489795918213e-01 1.000000000000000000e+00 0.000000000000000000e+00 0.000000000000000000e+00 0.000000000000000000e+00 -2.423886299078883630e-02
1.000000000000000000e+00 9.142857142857143682e-01 1.000000000000000000e+00 0.000000000000000000e+00 0.000000000000000000e+00 0.000000000000000000e+00 -2.459797541836912863e-02
1.000000000000000000e+00 9.224489795918368040e-01 1.000000000000000000e+00 0.000000000000000000e+00 0.000000000000000000e+00 0.000000000000000000e+00 -2.495708784594940707e-02
1.000000000000000000e+00 9.306122448979592399e-01 1.000000000000000000e+00 0.000000000000000000e+00 0.000000000000000000e+00 0.000000000000000000e+00 -2.531620027352968205e-02
1.000000000000000000e+00 9.387755102040816757e-01 1.000000000000000000e+00 0.000000000000000000e+00 0.000000000000000000e+00 0.000000000000000000e+00 -2.567531270110997438e-02
1.000000000000000000e+00 9.469387755102041115e-01 1.000000000000000000e+00 0.000000000000000000e+00 0.000000000000000000e+00 0.000000000000000000e+00 -2.603442512869024936e-02
1.000000000000000000e+00 9.551020408163265474e-01 1.000000000000000000e+00 0.000000000000000000e+00 0.000000000000000000e+00 0.000000000000000000e+00 -2.639916448717108746e-02
1.000000000000000000e+00 9.632653061224489832e-01 1.000000000000000000e+00 0.000000000000000000e+00 0.000000000000000000e+00 0.000000000000000000e+00 -2.676728000419225165e-02
1.000000000000000000e+00 9.714285714285714191e-01 1.000000000000000000e+00 0.000000000000000000e+00 0.000000000000000000e+00 0.000000000000000000e+00 -2.713539552121340889e-02
1.000000000000000000e+00 9.795918367346938549e-01 1.000000000000000000e+00 0.000000000000000000e+00 0.000000000000000000e+00 0.000000000000000000e+00 -2.750351103823458349e-02
1.000000000000000000e+00 9.877551020408164018e-01 1.000000000000000000e+00 0.000000000000000000e+00 0.000000000000000000e+00 0.000000000000000000e+00 -2.787162655525575461e-02
1.000000000000000000e+00 9.959183673469387266e-01 1.000000000000000000e+00 0.000000000000000000e+00 0.000000000000000000e+00 0.000000000000000000e+00 -2.823974207227690839e-02
1.000000000000000000e+00 1.004081632653061273e+00 1.000000000000000000e+00 0.000000000000000000e+00 0.000000000000000000e+00 0.000000000000000000e+00 -2.861490857575537186e-02
1.000000000000000000e+00 1.012244897959183598e+00 1.000000000000000000e+00 0.000000000000000000e+00 0.000000000000000000e+00 0.000000000000000000e+00 -2.899712606569108952e-02
1.000000000000000000e+00 1.020408163265306145e+00 1.000000000000000000e+00 0.000000000000000000e+00 0.000000000000000000e+00 0.000000000000000000e+00 -2.937934355562683147e-02
1.000000000000000000e+00 1.028571428571428470e+00 1.000000000000000000e+00 0.000000000000000000e+00 0.000000000000000000e+00 0.000000000000000000e+00 -2.976156104556255608e-02
1.000000000000000000e+00 1.036734693877551017e+00 1.000000000000000000e+00 0.000000000000000000e+00 0.000000000000000000e+00 0.000000000000000000e+00 -3.014377853549829803e-02
1.000000000000000000e+00 1.044897959183673564e+00 1.000000000000000000e+00 0.000000000000000000e+00 0.000000000000000000e+00 0.000000000000000000e+00 -3.052599602543402957e-02
1.000000000000000000e+00 1.053061224489795888e+00 1.000000000000000000e+00 0.000000000000000000e+00 0.000000000000000000e+00 0.000000000000000000e+00 -3.091664054732765760e-02
1.000000000000000000e+00 1.061224489795918435e+00 1.000000000000000000e+00 0.000000000000000000e+00 0.000000000000000000e+00 0.000000000000000000e+00 -3.132133012248444759e-02
1.000000000000000000e+00 1.069387755102040760e+00 1.000000000000000000e+00 0.000000000000000000e+00 0.000000000000000000e+00 0.000000000000000000e+00 -3.172601969764122370e-02
1.000000000000000000e+00 1.077551020408163307e+00 1.000000000000000000e+00 0.000000000000000000e+00 0.000000000000000000e+00 0.000000000000000000e+00 -3.213070927279801370e-02
1.000000000000000000e+00 1.085714285714285854e+00 1.000000000000000000e+00 0.000000000000000000e+00 0.000000000000000000e+00 0.000000000000000000e+00 -3.253539884795480369e-02
1.000000000000000000e+00 1.093877551020408179e+00 1.000000000000000000e+00 0.000000000000000000e+00 0.000000000000000000e+00 0.000000000000000000e+00 -3.294008842311157287e-02
1.000000000000000000e+00 1.102040816326530503e+00 1.000000000000000000e+00 0.000000000000000000e+00 0.000000000000000000e+00 0.000000000000000000e+00 -3.335428464320912972e-02
1.000000000000000000e+00 1.110204081632653050e+00 1.000000000000000000e+00 0.000000000000000000e+00 0.000000000000000000e+00 0.000000000000000000e+00 -3.379700079812902186e-02
1.000000000000000000e+00 1.118367346938775597e+00 1.000000000000000000e+00 0.000000000000000000e+00 0.000000000000000000e+00 0.000000000000000000e+00 -3.423971695304892093e-02
1.000000000000000000e+00 1.126530612244897922e+00 1.000000000000000000e+00 0.000000000000000000e+00 0.000000000000000000e+00 0.000000000000000000e+00 -3.468243310796879919e-02
1.000000000000000000e+00 1.134693877551020469e+00 1.000000000000000000e+00 0.000000000000000000e+00 0.000000000000000000e+00 0.000000000000000000e+00 -3.512514926288869133e-02
1.000000000000000000e+00 1.142857142857142794e+00 1.000000000000000000e+00 0.000000000000000000e+00 0.000000000000000000e+00 0.000000000000000000e+00 -3.556786541780857652e-02
1.000000000000000000e+00 1.151020408163265341e+00 1.000000000000000000e+00 0.000000000000000000e+00 0.000000000000000000e+00 0.000000000000000000e+00 -3.602233121902211760e-02
1.000000000000000000e+00 1.159183673469387887e+00 1.000000000000000000e+00 0.000000000000000000e+00 0.000000000000000000e+00 0.000000000000000000e+00 -3.655904454429119432e-02
1.000000000000000000e+00 1.167346938775510212e+00 1.000000000000000000e+00 0.000000000000000000e+00 0.000000000000000000e+00 0.000000000000000000e+00 -3.709575786956024329e-02
1.000000000000000000e+00 1.175510204081632537e+00 1.000000000000000000e+00 0.000000000000000000e+00 0.000000000000000000e+00 0.000000000000000000e+00 -3.763247119482930614e-02
1.000000000000000000e+00 1.183673469387755084e+00 1.000000000000000000e+00 0.000000000000000000e+00 0.000000000000000000e+00 0.000000000000000000e+00 -3.816918452009836898e-02
1.000000000000000000e+00 1.191836734693877631e+00 1.000000000000000000e+00 0.000000000000000000e+00 0.000000000000000000e+00 0.000000000000000000e+00 -3.870589784536745265e-02
1.000000000000000000e+00 1.199999999999999956e+00 1.000000000000000000e+00 0.000000000000000000e+00 0.000000000000000000e+00 0.000000000000000000e+00 -3.924261117063650856e-02
