1.000000000000000000e+00 8.000000000000000444e-01 1.000000000000000000e+00 0.000000000000000000e+00 0.000000000000000000e+00 0.000000000000000000e+00 8.361517914931146933e-01
1.000000000000000000e+00 8.081632653061224802e-01 1.000000000000000000e+00 0.000000000000000000e+00 0.000000000000000000e+00 0.000000000000000000e+00 8.436226913283898510e-01
1.000000000000000000e+00 8.163265306122449161e-01 1.000000000000000000e+00 0.000000000000000000e+00 0.000000000000000000e+00 0.000000000000000000e+00 8.510935911636652307e-01
1.000000000000000000e+00 8.244897959183673519e-01 1.000000000000000000e+00 0.000000000000000000e+00 0.000000000000000000e+00 0.000000000000000000e+00 8.585644909989403883e-01
1.000000000000000000e+00 8.326530612244897878e-01 1.000000000000000000e+00 0.000000000000000000e+00 0.000000000000000000e+00 0.000000000000000000e+00 8.660353908342156570e-01
1.000000000000000000e+00 8.408163265306123346e-01 1.000000000000000000e+00 0.000000000000000000e+00 0.000000000000000000e+00 0.000000000000000000e+00 8.735062906694910367e-01
1.000000000000000000e+00 8.489795918367347705e-01 1.000000000000000000e+00 0.000000000000000000e+00 0.000000000000000000e+00 0.000000000000000000e+00 8.809771905047663054e-01
1.000000000000000000e+00 8.571428571428572063e-01 1.000000000000000000e+00 0.000000000000000000e+00 0.000000000000000000e+00 0.000000000000000000e+00 8.884307519413081611e-01
1.000000000000000000e+00 8.653061224489796421e-01 1.000000000000000000e+00 0.000000000000000000e+00 0.000000000000000000e+00 0.000000000000000000e+00 8.958818364637455289e-01
1.000000000000000000e+00 8.734693877551020780e-01 1.000000000000000000e+00 0.000000000000000000e+00 0.000000000000000000e+00 0.000000000000000000e+00 9.033329209861827858e-01
1.000000000000000000e+00 8.816326530612245138e-01 1.000000000000000000e+00 0.000000000000000000e+00 0.000000000000000000e+00 0.000000000000000000e+00 9.107840055086199316e-01
1.000000000000000000e+00 8.897959183673469497e-01 1.000000000000000000e+00 0.000000000000000000e+00 0.000000000000000000e+00 0.000000000000000000e+00 9.182350900310571884e-01
1.000000000000000000e+00 8.979591836734693855e-01 1.000000000000000000e+00 0.000000000000000000e+00 0.000000000000000000e+00 0.000000000000000000e+00 9.256861745534942232e-01
1.000000000000000000e+00 9.061224489795918213e-01 1.000000000000000000e+00 0.000000000000000000e+00 0.000000000000000000e+00 0.000000000000000000e+00 9.331216399833351938e-01
1.000000000000000000e+00 9.142857142857143682e-01 1.000000000000000000e+00 0.000000000000000000e+00 0.000000000000000000e+00 0.000000000000000000e+00 9.405518990489770692e-01
1.000000000000000000e+00 9.224489795918368040e-01 1.000000000000000000e+00 0.000000000000000000e+00 0.000000000000000000e+00 0.000000000000000000e+00 9.479821581146189446e-01
1.000000000000000000e+00 9.306122448979592399e-01 1.000000000000000000e+00 0.000000000000000000e+00 0.000000000000000000e+00 0.000000000000000000e+00 9.554124171802607091e-01
1.000000000000000000e+00 9.387755102040816757e-01 1.000000000000000000e+00 0.000000000000000000e+00 0.000000000000000000e+00 0.000000000000000000e+00 9.628426762459025845e-01
1.000000000000000000e+00 9.469387755102041115e-01 1.000000000000000000e+00 0.000000000000000000e+00 0.000000000000000000e+00 0.000000000000000000e+00 9.702729353115444599e-01
1.000000000000000000e+00 9.551020408163265474e-01 1.000000000000000000e+00 0.000000000000000000e+00 0.000000000000000000e+00 0.000000000000000000e+00 9.776872133346619087e-01
1.000000000000000000e+00 9.632653061224489832e-01 1.000000000000000000e+00 0.000000000000000000e+00 0.000000000000000000e+00 0.000000000000000000e+00 9.850919027322646571e-01
1.000000000000000000e+00 9.714285714285714191e-01 1.000000000000000000e+00 0.000000000000000000e+00 0.000000000000000000e+00 0.000000000000000000e+00 9.924965921298674054e-01
1.000000000000000000e+00 9.795918367346938549e-01 1.000000000000000000e+00 0.000000000000000000e+00 0.000000000000000000e+00 0.000000000000000000e+00 9.999012815274703758e-01
1.000000000000000000e+00 9.877551020408164018e-01 1.000000000000000000e+00 0.000000000000000000e+00 0.000000000000000000e+00 0.000000000000000000e+00 1.007305970925073346e+00
1.000000000000000000e+00 9.959183673469387266e-01 1.000000000000000000e+00 0.000000000000000000e+00 0.000000000000000000e+00 0.000000000000000000e+00 1.014710660322675650e+00
1.000000000000000000e+00 1.004081632653061273e+00 1.000000000000000000e+00 0.000000000000000000e+00 0.000000000000000000e+00 0.000000000000000000e+00 1.022097646681110028e+00
1.000000000000000000e+00 1.012244897959183598e+00 1.000000000000000000e+00 0.000000000000000000e+00 0.000000000000000000e+00 0.000000000000000000e+00 1.029466930000375369e+00
1.000000000000000000e+00 1.020408163265306145e+00 1.000000000000000000e+00 0.000000000000000000e+00 0.000000000000000000e+00 0.000000000000000000e+00 1.036836213319640931e+00
1.000000000000000000e+00 1.028571428571428470e+00 1.000000000000000000e+00 0.000000000000000000e+00 0.000000000000000000e+00 0.000000000000000000e+00 1.044205496638906494e+00
1.000000000000000000e+00 1.036734693877551017e+00 1.000000000000000000e+00 0.000000000000000000e+00 0.000000000000000000e+00 0.000000000000000000e+00 1.051574779958172057e+00
1.000000000000000000e+00 1.044897959183673564e+00 1.000000000000000000e+00 0.000000000000000000e+00 0.000000000000000000e+00 0.000000000000000000e+00 1.058944063277437841e+00
1.000000000000000000e+00 1.053061224489795888e+00 1.000000000000000000e+00 0.000000000000000000e+00 0.000000000000000000e+00 0.000000000000000000e+00 1.066295124487109058e+00
1.000000000000000000e+00 1.061224489795918435e+00 1.000000000000000000e+00 0.000000000000000000e+00 0.000000000000000000e+00 0.000000000000000000e+00 1.073615815514122884e+00
1.000000000000000000e+00 1.069387755102040760e+00 1.000000000000000000e+00 0.000000000000000000e+00 0.000000000000000000e+00 0.000000000000000000e+00 1.080936506541136932e+00
1.000000000000000000e+00 1.077551020408163307e+00 1.000000000000000000e+00 0.000000000000000000e+00 0.000000000000000000e+00 0.000000000000000000e+00 1.088257197568151202e+00
1.000000000000000000e+00 1.085714285714285854e+00 1.000000000000000000e+00 0.000000000000000000e+00 0.000000000000000000e+00 0.000000000000000000e+00 1.095577888595165250e+00
1.000000000000000000e+00 1.093877551020408179e+00 1.000000000000000000e+00 0.000000000000000000e+00 0.000000000000000000e+00 0.000000000000000000e+00 1.102898579622179076e+00
1.000000000000000000e+00 1.102040816326530503e+00 1.000000000000000000e+00 0.000000000000000000e+00 0.000000000000000000e+00 0.000000000000000000e+00 1.110200890592136558e+00
1.000000000000000000e+00 1.110204081632653050e+00 1.000000000000000000e+00 0.000000000000000000e+00 0.000000000000000000e+00 0.000000000000000000e+00 1.117448061390925229e+00
1.000000000000000000e+00 1.118367346938775597e+00 1.000000000000000000e+00 0.000000000000000000e+00 0.000000000000000000e+00 0.000000000000000000e+00 1.124695232189714345e+00
1.000000000000000000e+00 1.126530612244897922e+00 1.000000000000000000e+00 0.000000000000000000e+00 0.000000000000000000e+00 0.000000000000000000e+00 1.131942402988502794e+00
1.000000000000000000e+00 1.134693877551020469e+00 1.000000000000000000e+00 0.000000000000000000e+00 0.000000000000000000e+00 0.000000000000000000e+00 1.139189573787291687e+00
1.000000000000000000e+00 1.142857142857142794e+00 1.000000000000000000e+00 0.000000000000000000e+00 0.000000000000000000e+00 0.000000000000000000e+00 1.146436744586080136e+00
1.000000000000000000e+00 1.151020408163265341e+00 1.000000000000000000e+00 0.000000000000000000e+00 0.000000000000000000e+00 0.000000000000000000e+00 1.153657100921077427e+00
1.000000000000000000e+00 1.159183673469387887e+00 1.000000000000000000e+00 0.000000000000000000e+00 0.000000000000000000e+00 0.000000000000000000e+00 1.160689756009533724e+00
1.000000000000000000e+00 1.167346938775510212e+00 1.000000000000000000e+00 0.000000000000000000e+00 0.000000000000000000e+00 0.000000000000000000e+00 1.167722411097989577e+00
1.000000000000000000e+00 1.175510204081632537e+00 1.000000000000000000e+00 0.000000000000000000e+00 0.000000000000000000e+00 0.000000000000000000e+00 1.174755066186445873e+00
1.000000000000000000e+00 1.183673469387755084e+00 1.000000000000000000e+00 0.000000000000000000e+00 0.000000000000000000e+00 0.000000000000000000e+00 1.181787721274901948e+00
1.000000000000000000e+00 1.191836734693877631e+00 1.000000000000000000e+00 0.000000000000000000e+00 0.000000000000000000e+00 0.000000000000000000e+00 1.188820376363358244e+00
1.000000000000000000e+00 1.199999999999999956e+00 1.000000000000000000e+00 0.000000000000000000e+00 0.000000000000000000e+00 0.000000000000000000e+00 1.195853031451814097e+00
