1.000000000000000000e+00 8.000000000000000444e-01 1.000000000000000000e+00 0.000000000000000000e+00 0.000000000000000000e+00 0.000000000000000000e+00 1.009673832674491178e+00
1.000000000000000000e+00 8.081632653061224802e-01 1.000000000000000000e+00 0.000000000000000000e+00 0.000000000000000000e+00 0.000000000000000000e+00 1.010021731403760281e+00
1.000000000000000000e+00 8.163265306122449161e-01 1.000000000000000000e+00 0.000000000000000000e+00 0.000000000000000000e+00 0.000000000000000000e+00 1.010369630133029384e+00
1.000000000000000000e+00 8.244897959183673519e-01 1.000000000000000000e+00 0.000000000000000000e+00 0.000000000000000000e+00 0.000000000000000000e+00 1.010717528862298487e+00
1.000000000000000000e+00 8.326530612244897878e-01 1.000000000000000000e+00 0.000000000000000000e+00 0.000000000000000000e+00 0.000000000000000000e+00 1.011065427591567589e+00
1.000000000000000000e+00 8.408163265306123346e-01 1.000000000000000000e+00 0.000000000000000000e+00 0.000000000000000000e+00 0.000000000000000000e+00 1.011413326320836914e+00
1.000000000000000000e+00 8.489795918367347705e-01 1.000000000000000000e+00 0.000000000000000000e+00 0.000000000000000000e+00 0.000000000000000000e+00 1.011761225050106017e+00
1.000000000000000000e+00 8.571428571428572063e-01 1.000000000000000000e+00 0.000000000000000000e+00 0.000000000000000000e+00 0.000000000000000000e+00 1.012113433182947331e+00
1.000000000000000000e+00 8.653061224489796421e-01 1.000000000000000000e+00 0.000000000000000000e+00 0.000000000000000000e+00 0.000000000000000000e+00 1.012466256944870135e+00
1.000000000000000000e+00 8.734693877551020780e-01 1.000000000000000000e+00 0.000000000000000000e+00 0.000000000000000000e+00 0.000000000000000000e+00 1.012819080706792940e+00
1.000000000000000000e+00 8.816326530612245138e-01 1.000000000000000000e+00 0.000000000000000000e+00 0.000000000000000000e+00 0.000000000000000000e+00 1.013171904468715745e+00
1.000000000000000000e+00 8.897959183673469497e-01 1.000000000000000000e+00 0.000000000000000000e+00 0.000000000000000000e+00 0.000000000000000000e+00 1.013524728230638550e+00
1.000000000000000000e+00 8.979591836734693855e-01 1.000000000000000000e+00 0.000000000000000000e+00 0.000000000000000000e+00 0.000000000000000000e+00 1.013877551992561354e+00
1.000000000000000000e+00 9.061224489795918213e-01 1.000000000000000000e+00 0.000000000000000000e+00 0.000000000000000000e+00 0.000000000000000000e+00 1.014234802012826009e+00
1.000000000000000000e+00 9.142857142857143682e-01 1.000000000000000000e+00 0.000000000000000000e+00 0.000000000000000000e+00 0.000000000000000000e+00 1.014593527452537947e+00
1.000000000000000000e+00 9.224489795918368040e-01 1.000000000000000000e+00 0.000000000000000000e+00 0.000000000000000000e+00 0.000000000000000000e+00 1.014952252892250106e+00
1.000000000000000000e+00 9.306122448979592399e-01 1.000000000000000000e+00 0.000000000000000000e+00 0.000000000000000000e+00 0.000000000000000000e+00 1.015310978331962266e+00
1.000000000000000000e+00 9.387755102040816757e-01 1.000000000000000000e+00 0.000000000000000000e+00 0.000000000000000000e+00 0.000000000000000000e+00 1.015669703771674204e+00
1.000000000000000000e+00 9.469387755102041115e-01 1.000000000000000000e+00 0.000000000000000000e+00 0.000000000000000000e+00 0.000000000000000000e+00 1.016028429211386142e+00
1.000000000000000000e+00 9.551020408163265474e-01 1.000000000000000000e+00 0.000000000000000000e+00 0.000000000000000000e+00 0.000000000000000000e+00 1.016392548558183284e+00
1.000000000000000000e+00 9.632653061224489832e-01 1.000000000000000000e+00 0.000000000000000000e+00 0.000000000000000000e+00 0.000000000000000000e+00 1.016759904249231905e+00
1.000000000000000000e+00 9.714285714285714191e-01 1.000000000000000000e+00 0.000000000000000000e+00 0.000000000000000000e+00 0.000000000000000000e+00 1.017127259940280526e+00
1.000000000000000000e+00 9.795918367346938549e-01 1.000000000000000000e+00 0.000000000000000000e+00 0.000000000000000000e+00 0.000000000000000000e+00 1.017494615631328925e+00
1.000000000000000000e+00 9.877551020408164018e-01 1.000000000000000000e+00 0.000000000000000000e+00 0.000000000000000000e+00 0.000000000000000000e+00 1.017861971322377546e+00
1.000000000000000000e+00 9.959183673469387266e-01 1.000000000000000000e+00 0.000000000000000000e+00 0.000000000000000000e+00 0.000000000000000000e+00 1.018229327013426166e+00
1.000000000000000000e+00 1.004081632653061273e+00 1.000000000000000000e+00 0.000000000000000000e+00 0.000000000000000000e+00 0.000000000000000000e+00 1.018603579328378528e+00
1.000000000000000000e+00 1.012244897959183598e+00 1.000000000000000000e+00 0.000000000000000000e+00 0.000000000000000000e+00 0.000000000000000000e+00 1.018984728267234852e+00
1.000000000000000000e+00 1.020408163265306145e+00 1.000000000000000000e+00 0.000000000000000000e+00 0.000000000000000000e+00 0.000000000000000000e+00 1.019365877206090953e+00
1.000000000000000000e+00 1.028571428571428470e+00 1.000000000000000000e+00 0.000000000000000000e+00 0.000000000000000000e+00 0.000000000000000000e+00 1.019747026144947277e+00
1.000000000000000000e+00 1.036734693877551017e+00 1.000000000000000000e+00 0.000000000000000000e+00 0.000000000000000000e+00 0.000000000000000000e+00 1.020128175083803379e+00
1.000000000000000000e+00 1.044897959183673564e+00 1.000000000000000000e+00 0.000000000000000000e+00 0.000000000000000000e+00 0.000000000000000000e+00 1.020509324022659481e+00
1.000000000000000000e+00 1.053061224489795888e+00 1.000000000000000000e+00 0.000000000000000000e+00 0.000000000000000000e+00 0.000000000000000000e+00 1.020898188212029378e+00
1.000000000000000000e+00 1.061224489795918435e+00 1.000000000000000000e+00 0.000000000000000000e+00 0.000000000000000000e+00 0.000000000000000000e+00 1.021299911152255380e+00
1.000000000000000000e+00 1.069387755102040760e+00 1.000000000000000000e+00 0.000000000000000000e+00 0.000000000000000000e+00 0.000000000000000000e+00 1.021701634092481159e+00
1.000000000000000000e+00 1.077551020408163307e+00 1.000000000000000000e+00 0.000000000000000000e+00 0.000000000000000000e+00 0.000000000000000000e+00 1.022103357032706938e+00
1.000000000000000000e+00 1.085714285714285854e+00 1.000000000000000000e+00 0.000000000000000000e+00 0.000000000000000000e+00 0.000000000000000000e+00 1.022505079972933162e+00
1.000000000000000000e+00 1.093877551020408179e+00 1.000000000000000000e+00 0.000000000000000000e+00 0.000000000000000000e+00 0.000000000000000000e+00 1.022906802913158941e+00
1.000000000000000000e+00 1.102040816326530503e+00 1.000000000000000000e+00 0.000000000000000000e+00 0.000000000000000000e+00 0.000000000000000000e+00 1.023316771031614669e+00
1.000000000000000000e+00 1.110204081632653050e+00 1.000000000000000000e+00 0.000000000000000000e+00 0.000000000000000000e+00 0.000000000000000000e+00 1.023751474684759355e+00
1.000000000000000000e+00 1.118367346938775597e+00 1.000000000000000000e+00 0.000000000000000000e+00 0.000000000000000000e+00 0.000000000000000000e+00 1.024186178337904263e+00
1.000000000000000000e+00 1.126530612244897922e+00 1.000000000000000000e+00 0.000000000000000000e+00 0.000000000000000000e+00 0.000000000000000000e+00 1.024620881991048726e+00
1.000000000000000000e+00 1.134693877551020469e+00 1.000000000000000000e+00 0.000000000000000000e+00 0.000000000000000000e+00 0.000000000000000000e+00 1.025055585644193856e+00
1.000000000000000000e+00 1.142857142857142794e+00 1.000000000000000000e+00 0.000000000000000000e+00 0.000000000000000000e+00 0.000000000000000000e+00 1.025490289297338764e+00
1.000000000000000000e+00 1.151020408163265341e+00 1.000000000000000000e+00 0.000000000000000000e+00 0.000000000000000000e+00 0.000000000000000000e+00 1.025937789351862861e+00
1.000000000000000000e+00 1.159183673469387887e+00 1.000000000000000000e+00 0.000000000000000000e+00 0.000000000000000000e+00 0.000000000000000000e+00 1.026474864216041727e+00
1.000000000000000000e+00 1.167346938775510212e+00 1.000000000000000000e+00 0.000000000000000000e+00 0.000000000000000000e+00 0.000000000000000000e+00 1.027011939080220593e+00
1.000000000000000000e+00 1.175510204081632537e+00 1.000000000000000000e+00 0.000000000000000000e+00 0.000000000000000000e+00 0.000000000000000000e+00 1.027549013944399681e+00
1.000000000000000000e+00 1.183673469387755084e+00 1.000000000000000000e+00 0.000000000000000000e+00 0.000000000000000000e+00 0.000000000000000000e+00 1.028086088808578547e+00
1.000000000000000000e+00 1.191836734693877631e+00 1.000000000000000000e+00 0.000000000000000000e+00 0.000000000000000000e+00 0.000000000000000000e+00 1.028623163672757634e+00
1.000000000000000000e+00 1.199999999999999956e+00 1.000000000000000000e+00 0.000000000000000000e+00 0.000000000000000000e+00 0.000000000000000000e+00 1.029160238536936500e+00
