1.000000000000000000e+00 8.000000000000000444e-01 0.000000000000000000e+00 0.000000000000000000e+00 6.623325852432495608e-01
1.000000000000000000e+00 8.081632653061224802e-01 0.000000000000000000e+00 0.000000000000000000e+00 6.604507197121431972e-01
1.000000000000000000e+00 8.163265306122449161e-01 0.000000000000000000e+00 0.000000000000000000e+00 6.585688541810367225e-01
1.000000000000000000e+00 8.244897959183673519e-01 0.000000000000000000e+00 0.000000000000000000e+00 6.566869886499302478e-01
1.000000000000000000e+00 8.326530612244897878e-01 0.000000000000000000e+00 0.000000000000000000e+00 6.548051231188237731e-01
1.000000000000000000e+00 8.408163265306123346e-01 0.000000000000000000e+00 0.000000000000000000e+00 6.529232575877174094e-01
1.000000000000000000e+00 8.489795918367347705e-01 0.000000000000000000e+00 0.000000000000000000e+00 6.510413920566110457e-01
1.000000000000000000e+00 8.571428571428572063e-01 0.000000000000000000e+00 0.000000000000000000e+00 6.491595265255044600e-01
1.000000000000000000e+00 8.653061224489796421e-01 0.000000000000000000e+00 0.000000000000000000e+00 6.472776609943980963e-01
1.000000000000000000e+00 8.734693877551020780e-01 0.000000000000000000e+00 0.000000000000000000e+00 6.453957954632917327e-01
1.000000000000000000e+00 8.816326530612245138e-01 0.000000000000000000e+00 0.000000000000000000e+00 6.435139299321852580e-01
1.000000000000000000e+00 8.897959183673469497e-01 0.000000000000000000e+00 0.000000000000000000e+00 6.416320644010788943e-01
1.000000000000000000e+00 8.979591836734693855e-01 0.000000000000000000e+00 0.000000000000000000e+00 6.397501988699723086e-01
1.000000000000000000e+00 9.061224489795918213e-01 0.000000000000000000e+00 0.000000000000000000e+00 6.380259300267232536e-01
1.000000000000000000e+00 9.142857142857143682e-01 0.000000000000000000e+00 0.000000000000000000e+00 6.363541934127597832e-01
1.000000000000000000e+00 9.224489795918368040e-01 0.000000000000000000e+00 0.000000000000000000e+00 6.346824567987964238e-01
1.000000000000000000e+00 9.306122448979592399e-01 0.000000000000000000e+00 0.000000000000000000e+00 6.330107201848331755e-01
1.000000000000000000e+00 9.387755102040816757e-01 0.000000000000000000e+00 0.000000000000000000e+00 6.313389835708697051e-01
1.000000000000000000e+00 9.469387755102041115e-01 0.000000000000000000e+00 0.000000000000000000e+00 6.296672469569063457e-01
1.000000000000000000e+00 9.551020408163265474e-01 0.000000000000000000e+00 0.000000000000000000e+00 6.279955103429428753e-01
1.000000000000000000e+00 9.632653061224489832e-01 0.000000000000000000e+00 0.000000000000000000e+00 6.263237737289795160e-01
1.000000000000000000e+00 9.714285714285714191e-01 0.000000000000000000e+00 0.000000000000000000e+00 6.246520371150162676e-01
1.000000000000000000e+00 9.795918367346938549e-01 0.000000000000000000e+00 0.000000000000000000e+00 6.229803005010527972e-01
1.000000000000000000e+00 9.877551020408164018e-01 0.000000000000000000e+00 0.000000000000000000e+00 6.213085638870894378e-01
1.000000000000000000e+00 9.959183673469387266e-01 0.000000000000000000e+00 0.000000000000000000e+00 6.196368272731260785e-01
1.000000000000000000e+00 1.004081632653061273e+00 0.000000000000000000e+00 0.000000000000000000e+00 6.180771557523273563e-01
1.000000000000000000e+00 1.012244897959183598e+00 0.000000000000000000e+00 0.000000000000000000e+00 6.166295493246932713e-01
1.000000000000000000e+00 1.020408163265306145e+00 0.000000000000000000e+00 0.000000000000000000e+00 6.151819428970592973e-01
1.000000000000000000e+00 1.028571428571428470e+00 0.000000000000000000e+00 0.000000000000000000e+00 6.137343364694252124e-01
1.000000000000000000e+00 1.036734693877551017e+00 0.000000000000000000e+00 0.000000000000000000e+00 6.122867300417911274e-01
1.000000000000000000e+00 1.044897959183673564e+00 0.000000000000000000e+00 0.000000000000000000e+00 6.108391236141570424e-01
1.000000000000000000e+00 1.053061224489795888e+00 0.000000000000000000e+00 0.000000000000000000e+00 6.093915171865230684e-01
1.000000000000000000e+00 1.061224489795918435e+00 0.000000000000000000e+00 0.000000000000000000e+00 6.079439107588889835e-01
1.000000000000000000e+00 1.069387755102040760e+00 0.000000000000000000e+00 0.000000000000000000e+00 6.064963043312548985e-01
1.000000000000000000e+00 1.077551020408163307e+00 0.000000000000000000e+00 0.000000000000000000e+00 6.050486979036208135e-01
1.000000000000000000e+00 1.085714285714285854e+00 0.000000000000000000e+00 0.000000000000000000e+00 6.036010914759867285e-01
1.000000000000000000e+00 1.093877551020408179e+00 0.000000000000000000e+00 0.000000000000000000e+00 6.021534850483527546e-01
1.000000000000000000e+00 1.102040816326530503e+00 0.000000000000000000e+00 0.000000000000000000e+00 6.007465358649705101e-01
1.000000000000000000e+00 1.110204081632653050e+00 0.000000000000000000e+00 0.000000000000000000e+00 5.994615584143436759e-01
1.000000000000000000e+00 1.118367346938775597e+00 0.000000000000000000e+00 0.000000000000000000e+00 5.981765809637167308e-01
1.000000000000000000e+00 1.126530612244897922e+00 0.000000000000000000e+00 0.000000000000000000e+00 5.968916035130898967e-01
1.000000000000000000e+00 1.134693877551020469e+00 0.000000000000000000e+00 0.000000000000000000e+00 5.956066260624629516e-01
1.000000000000000000e+00 1.142857142857142794e+00 0.000000000000000000e+00 0.000000000000000000e+00 5.943216486118361175e-01
1.000000000000000000e+00 1.151020408163265341e+00 0.000000000000000000e+00 0.000000000000000000e+00 5.930366711612092834e-01
1.000000000000000000e+00 1.159183673469387887e+00 0.000000000000000000e+00 0.000000000000000000e+00 5.917516937105823382e-01
1.000000000000000000e+00 1.167346938775510212e+00 0.000000000000000000e+00 0.000000000000000000e+00 5.904667162599555041e-01
1.000000000000000000e+00 1.175510204081632537e+00 0.000000000000000000e+00 0.000000000000000000e+00 5.891817388093286700e-01
1.000000000000000000e+00 1.183673469387755084e+00 0.000000000000000000e+00 0.000000000000000000e+00 5.878967613587018359e-01
1.000000000000000000e+00 1.191836734693877631e+00 0.000000000000000000e+00 0.000000000000000000e+00 5.866117839080748908e-01
1.000000000000000000e+00 1.199999999999999956e+00 0.000000000000000000e+00 0.000000000000000000e+00 5.853268064574480567e-01
