1.000000000000000000e+00 8.000000000000000444e-01 0.000000000000000000e+00 0.000000000000000000e+00 1.964942788413066507e-03
1.000000000000000000e+00 8.081632653061224802e-01 0.000000000000000000e+00 0.000000000000000000e+00 1.403939153637987413e-03
1.000000000000000000e+00 8.163265306122449161e-01 0.000000000000000000e+00 0.000000000000000000e+00 8.429355188628967184e-04
1.000000000000000000e+00 8.244897959183673519e-01 0.000000000000000000e+00 0.000000000000000000e+00 2.819318840878177329e-04
1.000000000000000000e+00 8.326530612244897878e-01 0.000000000000000000e+00 0.000000000000000000e+00 -2.790717506872748051e-04
1.000000000000000000e+00 8.408163265306123346e-01 0.000000000000000000e+00 0.000000000000000000e+00 -8.400753854623656085e-04
1.000000000000000000e+00 8.489795918367347705e-01 0.000000000000000000e+00 0.000000000000000000e+00 -1.401079020237444486e-03
1.000000000000000000e+00 8.571428571428572063e-01 0.000000000000000000e+00 0.000000000000000000e+00 -1.962082655012523796e-03
1.000000000000000000e+00 8.653061224489796421e-01 0.000000000000000000e+00 0.000000000000000000e+00 -2.523086289787614383e-03
1.000000000000000000e+00 8.734693877551020780e-01 0.000000000000000000e+00 0.000000000000000000e+00 -3.084089924562693260e-03
1.000000000000000000e+00 8.816326530612245138e-01 0.000000000000000000e+00 0.000000000000000000e+00 -3.645093559337785147e-03
1.000000000000000000e+00 8.897959183673469497e-01 0.000000000000000000e+00 0.000000000000000000e+00 -4.206097194112863591e-03
1.000000000000000000e+00 8.979591836734693855e-01 0.000000000000000000e+00 0.000000000000000000e+00 -4.767100828887943335e-03
1.000000000000000000e+00 9.061224489795918213e-01 0.000000000000000000e+00 0.000000000000000000e+00 -5.236088660000848966e-03
1.000000000000000000e+00 9.142857142857143682e-01 0.000000000000000000e+00 0.000000000000000000e+00 -5.674404556559692510e-03
1.000000000000000000e+00 9.224489795918368040e-01 0.000000000000000000e+00 0.000000000000000000e+00 -6.112720453118526513e-03
1.000000000000000000e+00 9.306122448979592399e-01 0.000000000000000000e+00 0.000000000000000000e+00 -6.551036349677360517e-03
1.000000000000000000e+00 9.387755102040816757e-01 0.000000000000000000e+00 0.000000000000000000e+00 -6.989352246236203194e-03
1.000000000000000000e+00 9.469387755102041115e-01 0.000000000000000000e+00 0.000000000000000000e+00 -7.427668142795037197e-03
1.000000000000000000e+00 9.551020408163265474e-01 0.000000000000000000e+00 0.000000000000000000e+00 -7.865984039353880741e-03
1.000000000000000000e+00 9.632653061224489832e-01 0.000000000000000000e+00 0.000000000000000000e+00 -8.304299935912714745e-03
1.000000000000000000e+00 9.714285714285714191e-01 0.000000000000000000e+00 0.000000000000000000e+00 -8.742615832471548748e-03
1.000000000000000000e+00 9.795918367346938549e-01 0.000000000000000000e+00 0.000000000000000000e+00 -9.180931729030391425e-03
1.000000000000000000e+00 9.877551020408164018e-01 0.000000000000000000e+00 0.000000000000000000e+00 -9.619247625589235837e-03
1.000000000000000000e+00 9.959183673469387266e-01 0.000000000000000000e+00 0.000000000000000000e+00 -1.005756352214805943e-02
1.000000000000000000e+00 1.004081632653061273e+00 0.000000000000000000e+00 0.000000000000000000e+00 -1.049236699913655597e-02
1.000000000000000000e+00 1.012244897959183598e+00 0.000000000000000000e+00 0.000000000000000000e+00 -1.092365805655466822e-02
1.000000000000000000e+00 1.020408163265306145e+00 0.000000000000000000e+00 0.000000000000000000e+00 -1.135494911397279608e-02
1.000000000000000000e+00 1.028571428571428470e+00 0.000000000000000000e+00 0.000000000000000000e+00 -1.178624017139091699e-02
1.000000000000000000e+00 1.036734693877551017e+00 0.000000000000000000e+00 0.000000000000000000e+00 -1.221753122880904832e-02
1.000000000000000000e+00 1.044897959183673564e+00 0.000000000000000000e+00 0.000000000000000000e+00 -1.264882228622717791e-02
1.000000000000000000e+00 1.053061224489795888e+00 0.000000000000000000e+00 0.000000000000000000e+00 -1.308011334364529883e-02
1.000000000000000000e+00 1.061224489795918435e+00 0.000000000000000000e+00 0.000000000000000000e+00 -1.351140440106343016e-02
1.000000000000000000e+00 1.069387755102040760e+00 0.000000000000000000e+00 0.000000000000000000e+00 -1.394269545848155108e-02
1.000000000000000000e+00 1.077551020408163307e+00 0.000000000000000000e+00 0.000000000000000000e+00 -1.437398651589968240e-02
1.000000000000000000e+00 1.085714285714285854e+00 0.000000000000000000e+00 0.000000000000000000e+00 -1.480527757331781200e-02
1.000000000000000000e+00 1.093877551020408179e+00 0.000000000000000000e+00 0.000000000000000000e+00 -1.523656863073592251e-02
1.000000000000000000e+00 1.102040816326530503e+00 0.000000000000000000e+00 0.000000000000000000e+00 -1.563806980302199015e-02
1.000000000000000000e+00 1.110204081632653050e+00 0.000000000000000000e+00 0.000000000000000000e+00 -1.595020131991190318e-02
1.000000000000000000e+00 1.118367346938775597e+00 0.000000000000000000e+00 0.000000000000000000e+00 -1.626233283680181274e-02
1.000000000000000000e+00 1.126530612244897922e+00 0.000000000000000000e+00 0.000000000000000000e+00 -1.657446435369171536e-02
1.000000000000000000e+00 1.134693877551020469e+00 0.000000000000000000e+00 0.000000000000000000e+00 -1.688659587058162839e-02
1.000000000000000000e+00 1.142857142857142794e+00 0.000000000000000000e+00 0.000000000000000000e+00 -1.719872738747153101e-02
1.000000000000000000e+00 1.151020408163265341e+00 0.000000000000000000e+00 0.000000000000000000e+00 -1.751085890436144404e-02
1.000000000000000000e+00 1.159183673469387887e+00 0.000000000000000000e+00 0.000000000000000000e+00 -1.782299042125135360e-02
1.000000000000000000e+00 1.167346938775510212e+00 0.000000000000000000e+00 0.000000000000000000e+00 -1.813512193814125276e-02
1.000000000000000000e+00 1.175510204081632537e+00 0.000000000000000000e+00 0.000000000000000000e+00 -1.844725345503115538e-02
1.000000000000000000e+00 1.183673469387755084e+00 0.000000000000000000e+00 0.000000000000000000e+00 -1.875938497192106494e-02
1.000000000000000000e+00 1.191836734693877631e+00 0.000000000000000000e+00 0.000000000000000000e+00 -1.907151648881097797e-02
1.000000000000000000e+00 1.199999999999999956e+00 0.000000000000000000e+00 0.000000000000000000e+00 -1.938364800570088059e-02
