1.000000000000000000e+00 8.000000000000000444e-01 0.000000000000000000e+00 0.000000000000000000e+00 6.603146234407170079e-01
1.000000000000000000e+00 8.081632653061224802e-01 0.000000000000000000e+00 0.000000000000000000e+00 6.584965489990753928e-01
1.000000000000000000e+00 8.163265306122449161e-01 0.000000000000000000e+00 0.000000000000000000e+00 6.566784745574338888e-01
1.000000000000000000e+00 8.244897959183673519e-01 0.000000000000000000e+00 0.000000000000000000e+00 6.548604001157922738e-01
1.000000000000000000e+00 8.326530612244897878e-01 0.000000000000000000e+00 0.000000000000000000e+00 6.530423256741506588e-01
1.000000000000000000e+00 8.408163265306123346e-01 0.000000000000000000e+00 0.000000000000000000e+00 6.512242512325090438e-01
1.000000000000000000e+00 8.489795918367347705e-01 0.000000000000000000e+00 0.000000000000000000e+00 6.494061767908675398e-01
1.000000000000000000e+00 8.571428571428572063e-01 0.000000000000000000e+00 0.000000000000000000e+00 6.475881023492259247e-01
1.000000000000000000e+00 8.653061224489796421e-01 0.000000000000000000e+00 0.000000000000000000e+00 6.457700279075843097e-01
1.000000000000000000e+00 8.734693877551020780e-01 0.000000000000000000e+00 0.000000000000000000e+00 6.439519534659428057e-01
1.000000000000000000e+00 8.816326530612245138e-01 0.000000000000000000e+00 0.000000000000000000e+00 6.421338790243010797e-01
1.000000000000000000e+00 8.897959183673469497e-01 0.000000000000000000e+00 0.000000000000000000e+00 6.403158045826595757e-01
1.000000000000000000e+00 8.979591836734693855e-01 0.000000000000000000e+00 0.000000000000000000e+00 6.384977301410179606e-01
1.000000000000000000e+00 9.061224489795918213e-01 0.000000000000000000e+00 0.000000000000000000e+00 6.367775360036096455e-01
1.000000000000000000e+00 9.142857142857143682e-01 0.000000000000000000e+00 0.000000000000000000e+00 6.350899686342792450e-01
1.000000000000000000e+00 9.224489795918368040e-01 0.000000000000000000e+00 0.000000000000000000e+00 6.334024012649488444e-01
1.000000000000000000e+00 9.306122448979592399e-01 0.000000000000000000e+00 0.000000000000000000e+00 6.317148338956183329e-01
1.000000000000000000e+00 9.387755102040816757e-01 0.000000000000000000e+00 0.000000000000000000e+00 6.300272665262879324e-01
1.000000000000000000e+00 9.469387755102041115e-01 0.000000000000000000e+00 0.000000000000000000e+00 6.283396991569575318e-01
1.000000000000000000e+00 9.551020408163265474e-01 0.000000000000000000e+00 0.000000000000000000e+00 6.266521317876271313e-01
1.000000000000000000e+00 9.632653061224489832e-01 0.000000000000000000e+00 0.000000000000000000e+00 6.249645644182966198e-01
1.000000000000000000e+00 9.714285714285714191e-01 0.000000000000000000e+00 0.000000000000000000e+00 6.232769970489662192e-01
1.000000000000000000e+00 9.795918367346938549e-01 0.000000000000000000e+00 0.000000000000000000e+00 6.215894296796358187e-01
1.000000000000000000e+00 9.877551020408164018e-01 0.000000000000000000e+00 0.000000000000000000e+00 6.199018623103053072e-01
1.000000000000000000e+00 9.959183673469387266e-01 0.000000000000000000e+00 0.000000000000000000e+00 6.182142949409749066e-01
1.000000000000000000e+00 1.004081632653061273e+00 0.000000000000000000e+00 0.000000000000000000e+00 6.166241687039495378e-01
1.000000000000000000e+00 1.012244897959183598e+00 0.000000000000000000e+00 0.000000000000000000e+00 6.151314835992293117e-01
1.000000000000000000e+00 1.020408163265306145e+00 0.000000000000000000e+00 0.000000000000000000e+00 6.136387984945088636e-01
1.000000000000000000e+00 1.028571428571428470e+00 0.000000000000000000e+00 0.000000000000000000e+00 6.121461133897886375e-01
1.000000000000000000e+00 1.036734693877551017e+00 0.000000000000000000e+00 0.000000000000000000e+00 6.106534282850684114e-01
1.000000000000000000e+00 1.044897959183673564e+00 0.000000000000000000e+00 0.000000000000000000e+00 6.091607431803480743e-01
1.000000000000000000e+00 1.053061224489795888e+00 0.000000000000000000e+00 0.000000000000000000e+00 6.076680580756278482e-01
1.000000000000000000e+00 1.061224489795918435e+00 0.000000000000000000e+00 0.000000000000000000e+00 6.061753729709074001e-01
1.000000000000000000e+00 1.069387755102040760e+00 0.000000000000000000e+00 0.000000000000000000e+00 6.046826878661871740e-01
1.000000000000000000e+00 1.077551020408163307e+00 0.000000000000000000e+00 0.000000000000000000e+00 6.031900027614668369e-01
1.000000000000000000e+00 1.085714285714285854e+00 0.000000000000000000e+00 0.000000000000000000e+00 6.016973176567466108e-01
1.000000000000000000e+00 1.093877551020408179e+00 0.000000000000000000e+00 0.000000000000000000e+00 6.002046325520263848e-01
1.000000000000000000e+00 1.102040816326530503e+00 0.000000000000000000e+00 0.000000000000000000e+00 5.987370984463560308e-01
1.000000000000000000e+00 1.110204081632653050e+00 0.000000000000000000e+00 0.000000000000000000e+00 5.973450173378357375e-01
1.000000000000000000e+00 1.118367346938775597e+00 0.000000000000000000e+00 0.000000000000000000e+00 5.959529362293153332e-01
1.000000000000000000e+00 1.126530612244897922e+00 0.000000000000000000e+00 0.000000000000000000e+00 5.945608551207950399e-01
1.000000000000000000e+00 1.134693877551020469e+00 0.000000000000000000e+00 0.000000000000000000e+00 5.931687740122746355e-01
1.000000000000000000e+00 1.142857142857142794e+00 0.000000000000000000e+00 0.000000000000000000e+00 5.917766929037544532e-01
1.000000000000000000e+00 1.151020408163265341e+00 0.000000000000000000e+00 0.000000000000000000e+00 5.903846117952340489e-01
1.000000000000000000e+00 1.159183673469387887e+00 0.000000000000000000e+00 0.000000000000000000e+00 5.889925306867137555e-01
1.000000000000000000e+00 1.167346938775510212e+00 0.000000000000000000e+00 0.000000000000000000e+00 5.876004495781934622e-01
1.000000000000000000e+00 1.175510204081632537e+00 0.000000000000000000e+00 0.000000000000000000e+00 5.862083684696730579e-01
1.000000000000000000e+00 1.183673469387755084e+00 0.000000000000000000e+00 0.000000000000000000e+00 5.848162873611528756e-01
1.000000000000000000e+00 1.191836734693877631e+00 0.000000000000000000e+00 0.000000000000000000e+00 5.834242062526324712e-01
1.000000000000000000e+00 1.199999999999999956e+00 0.000000000000000000e+00 0.000000000000000000e+00 5.820321251441121779e-01
