1.000000000000000000e+00 8.000000000000000444e-01 0.000000000000000000e+00 0.000000000000000000e+00 8.162791613327818885e-01
1.000000000000000000e+00 8.081632653061224802e-01 0.000000000000000000e+00 0.000000000000000000e+00 8.237842129645064349e-01
1.000000000000000000e+00 8.163265306122449161e-01 0.000000000000000000e+00 0.000000000000000000e+00 8.312892645962309812e-01
1.000000000000000000e+00 8.244897959183673519e-01 0.000000000000000000e+00 0.000000000000000000e+00 8.387943162279555276e-01
1.000000000000000000e+00 8.326530612244897878e-01 0.000000000000000000e+00 0.000000000000000000e+00 8.462993678596801850e-01
1.000000000000000000e+00 8.408163265306123346e-01 0.000000000000000000e+00 0.000000000000000000e+00 8.538044194914047313e-01
1.000000000000000000e+00 8.489795918367347705e-01 0.000000000000000000e+00 0.000000000000000000e+00 8.613094711231291667e-01
1.000000000000000000e+00 8.571428571428572063e-01 0.000000000000000000e+00 0.000000000000000000e+00 8.688145227548536020e-01
1.000000000000000000e+00 8.653061224489796421e-01 0.000000000000000000e+00 0.000000000000000000e+00 8.763195743865782594e-01
1.000000000000000000e+00 8.734693877551020780e-01 0.000000000000000000e+00 0.000000000000000000e+00 8.838246260183028058e-01
1.000000000000000000e+00 8.816326530612245138e-01 0.000000000000000000e+00 0.000000000000000000e+00 8.913296776500274632e-01
1.000000000000000000e+00 8.897959183673469497e-01 0.000000000000000000e+00 0.000000000000000000e+00 8.988347292817518985e-01
1.000000000000000000e+00 8.979591836734693855e-01 0.000000000000000000e+00 0.000000000000000000e+00 9.063397809134764449e-01
1.000000000000000000e+00 9.061224489795918213e-01 0.000000000000000000e+00 0.000000000000000000e+00 9.138420195227199283e-01
1.000000000000000000e+00 9.142857142857143682e-01 0.000000000000000000e+00 0.000000000000000000e+00 9.213433204578030944e-01
1.000000000000000000e+00 9.224489795918368040e-01 0.000000000000000000e+00 0.000000000000000000e+00 9.288446213928861495e-01
1.000000000000000000e+00 9.306122448979592399e-01 0.000000000000000000e+00 0.000000000000000000e+00 9.363459223279690935e-01
1.000000000000000000e+00 9.387755102040816757e-01 0.000000000000000000e+00 0.000000000000000000e+00 9.438472232630522596e-01
1.000000000000000000e+00 9.469387755102041115e-01 0.000000000000000000e+00 0.000000000000000000e+00 9.513485241981353147e-01
1.000000000000000000e+00 9.551020408163265474e-01 0.000000000000000000e+00 0.000000000000000000e+00 9.588498251332184807e-01
1.000000000000000000e+00 9.632653061224489832e-01 0.000000000000000000e+00 0.000000000000000000e+00 9.663511260683014248e-01
1.000000000000000000e+00 9.714285714285714191e-01 0.000000000000000000e+00 0.000000000000000000e+00 9.738524270033844799e-01
1.000000000000000000e+00 9.795918367346938549e-01 0.000000000000000000e+00 0.000000000000000000e+00 9.813537279384675349e-01
1.000000000000000000e+00 9.877551020408164018e-01 0.000000000000000000e+00 0.000000000000000000e+00 9.888550288735507010e-01
1.000000000000000000e+00 9.959183673469387266e-01 0.000000000000000000e+00 0.000000000000000000e+00 9.963563298086335340e-01
1.000000000000000000e+00 1.004081632653061273e+00 0.000000000000000000e+00 0.000000000000000000e+00 1.003860857171757104e+00
1.000000000000000000e+00 1.012244897959183598e+00 0.000000000000000000e+00 0.000000000000000000e+00 1.011368610962920078e+00
1.000000000000000000e+00 1.020408163265306145e+00 0.000000000000000000e+00 0.000000000000000000e+00 1.018876364754083497e+00
1.000000000000000000e+00 1.028571428571428470e+00 0.000000000000000000e+00 0.000000000000000000e+00 1.026384118545246471e+00
1.000000000000000000e+00 1.036734693877551017e+00 0.000000000000000000e+00 0.000000000000000000e+00 1.033891872336409889e+00
1.000000000000000000e+00 1.044897959183673564e+00 0.000000000000000000e+00 0.000000000000000000e+00 1.041399626127573308e+00
1.000000000000000000e+00 1.053061224489795888e+00 0.000000000000000000e+00 0.000000000000000000e+00 1.048907379918736504e+00
1.000000000000000000e+00 1.061224489795918435e+00 0.000000000000000000e+00 0.000000000000000000e+00 1.056415133709899701e+00
1.000000000000000000e+00 1.069387755102040760e+00 0.000000000000000000e+00 0.000000000000000000e+00 1.063922887501062897e+00
1.000000000000000000e+00 1.077551020408163307e+00 0.000000000000000000e+00 0.000000000000000000e+00 1.071430641292226316e+00
1.000000000000000000e+00 1.085714285714285854e+00 0.000000000000000000e+00 0.000000000000000000e+00 1.078938395083389734e+00
1.000000000000000000e+00 1.093877551020408179e+00 0.000000000000000000e+00 0.000000000000000000e+00 1.086446148874552708e+00
1.000000000000000000e+00 1.102040816326530503e+00 0.000000000000000000e+00 0.000000000000000000e+00 1.093955411818629875e+00
1.000000000000000000e+00 1.110204081632653050e+00 0.000000000000000000e+00 0.000000000000000000e+00 1.101469202221448951e+00
1.000000000000000000e+00 1.118367346938775597e+00 0.000000000000000000e+00 0.000000000000000000e+00 1.108982992624268249e+00
1.000000000000000000e+00 1.126530612244897922e+00 0.000000000000000000e+00 0.000000000000000000e+00 1.116496783027087325e+00
1.000000000000000000e+00 1.134693877551020469e+00 0.000000000000000000e+00 0.000000000000000000e+00 1.124010573429906401e+00
1.000000000000000000e+00 1.142857142857142794e+00 0.000000000000000000e+00 0.000000000000000000e+00 1.131524363832725477e+00
1.000000000000000000e+00 1.151020408163265341e+00 0.000000000000000000e+00 0.000000000000000000e+00 1.139038154235544775e+00
1.000000000000000000e+00 1.159183673469387887e+00 0.000000000000000000e+00 0.000000000000000000e+00 1.146551944638364073e+00
1.000000000000000000e+00 1.167346938775510212e+00 0.000000000000000000e+00 0.000000000000000000e+00 1.154065735041182927e+00
1.000000000000000000e+00 1.175510204081632537e+00 0.000000000000000000e+00 0.000000000000000000e+00 1.161579525444002003e+00
1.000000000000000000e+00 1.183673469387755084e+00 0.000000000000000000e+00 0.000000000000000000e+00 1.169093315846821080e+00
1.000000000000000000e+00 1.191836734693877631e+00 0.000000000000000000e+00 0.000000000000000000e+00 1.176607106249640378e+00
1.000000000000000000e+00 1.199999999999999956e+00 0.000000000000000000e+00 0.000000000000000000e+00 1.184120896652459454e+00
