1.000000000000000000e+00 8.000000000000000444e-01 0.000000000000000000e+00 0.000000000000000000e+00 9.872505585477213685e-01
1.000000000000000000e+00 8.081632653061224802e-01 0.000000000000000000e+00 0.000000000000000000e+00 9.877822768841182377e-01
1.000000000000000000e+00 8.163265306122449161e-01 0.000000000000000000e+00 0.000000000000000000e+00 9.883139952205152179e-01
1.000000000000000000e+00 8.244897959183673519e-01 0.000000000000000000e+00 0.000000000000000000e+00 9.888457135569120870e-01
1.000000000000000000e+00 8.326530612244897878e-01 0.000000000000000000e+00 0.000000000000000000e+00 9.893774318933090672e-01
1.000000000000000000e+00 8.408163265306123346e-01 0.000000000000000000e+00 0.000000000000000000e+00 9.899091502297059364e-01
1.000000000000000000e+00 8.489795918367347705e-01 0.000000000000000000e+00 0.000000000000000000e+00 9.904408685661029166e-01
1.000000000000000000e+00 8.571428571428572063e-01 0.000000000000000000e+00 0.000000000000000000e+00 9.909725869024997857e-01
1.000000000000000000e+00 8.653061224489796421e-01 0.000000000000000000e+00 0.000000000000000000e+00 9.915043052388966549e-01
1.000000000000000000e+00 8.734693877551020780e-01 0.000000000000000000e+00 0.000000000000000000e+00 9.920360235752935241e-01
1.000000000000000000e+00 8.816326530612245138e-01 0.000000000000000000e+00 0.000000000000000000e+00 9.925677419116903932e-01
1.000000000000000000e+00 8.897959183673469497e-01 0.000000000000000000e+00 0.000000000000000000e+00 9.930994602480873734e-01
1.000000000000000000e+00 8.979591836734693855e-01 0.000000000000000000e+00 0.000000000000000000e+00 9.936311785844842426e-01
1.000000000000000000e+00 9.061224489795918213e-01 0.000000000000000000e+00 0.000000000000000000e+00 9.941524472772115262e-01
1.000000000000000000e+00 9.142857142857143682e-01 0.000000000000000000e+00 0.000000000000000000e+00 9.946702327553823553e-01
1.000000000000000000e+00 9.224489795918368040e-01 0.000000000000000000e+00 0.000000000000000000e+00 9.951880182335531844e-01
1.000000000000000000e+00 9.306122448979592399e-01 0.000000000000000000e+00 0.000000000000000000e+00 9.957058037117239024e-01
1.000000000000000000e+00 9.387755102040816757e-01 0.000000000000000000e+00 0.000000000000000000e+00 9.962235891898947315e-01
1.000000000000000000e+00 9.469387755102041115e-01 0.000000000000000000e+00 0.000000000000000000e+00 9.967413746680654496e-01
1.000000000000000000e+00 9.551020408163265474e-01 0.000000000000000000e+00 0.000000000000000000e+00 9.972591601462362787e-01
1.000000000000000000e+00 9.632653061224489832e-01 0.000000000000000000e+00 0.000000000000000000e+00 9.977769456244069968e-01
1.000000000000000000e+00 9.714285714285714191e-01 0.000000000000000000e+00 0.000000000000000000e+00 9.982947311025778259e-01
1.000000000000000000e+00 9.795918367346938549e-01 0.000000000000000000e+00 0.000000000000000000e+00 9.988125165807486550e-01
1.000000000000000000e+00 9.877551020408164018e-01 0.000000000000000000e+00 0.000000000000000000e+00 9.993303020589193730e-01
1.000000000000000000e+00 9.959183673469387266e-01 0.000000000000000000e+00 0.000000000000000000e+00 9.998480875370900911e-01
1.000000000000000000e+00 1.004081632653061273e+00 0.000000000000000000e+00 0.000000000000000000e+00 1.000361332471674691e+00
1.000000000000000000e+00 1.012244897959183598e+00 0.000000000000000000e+00 0.000000000000000000e+00 1.000870036862672841e+00
1.000000000000000000e+00 1.020408163265306145e+00 0.000000000000000000e+00 0.000000000000000000e+00 1.001378741253670768e+00
1.000000000000000000e+00 1.028571428571428470e+00 0.000000000000000000e+00 0.000000000000000000e+00 1.001887445644669139e+00
1.000000000000000000e+00 1.036734693877551017e+00 0.000000000000000000e+00 0.000000000000000000e+00 1.002396150035667288e+00
1.000000000000000000e+00 1.044897959183673564e+00 0.000000000000000000e+00 0.000000000000000000e+00 1.002904854426665437e+00
1.000000000000000000e+00 1.053061224489795888e+00 0.000000000000000000e+00 0.000000000000000000e+00 1.003413558817663587e+00
1.000000000000000000e+00 1.061224489795918435e+00 0.000000000000000000e+00 0.000000000000000000e+00 1.003922263208661736e+00
1.000000000000000000e+00 1.069387755102040760e+00 0.000000000000000000e+00 0.000000000000000000e+00 1.004430967599660107e+00
1.000000000000000000e+00 1.077551020408163307e+00 0.000000000000000000e+00 0.000000000000000000e+00 1.004939671990658034e+00
1.000000000000000000e+00 1.085714285714285854e+00 0.000000000000000000e+00 0.000000000000000000e+00 1.005448376381656406e+00
1.000000000000000000e+00 1.093877551020408179e+00 0.000000000000000000e+00 0.000000000000000000e+00 1.005957080772654555e+00
1.000000000000000000e+00 1.102040816326530503e+00 0.000000000000000000e+00 0.000000000000000000e+00 1.006460795463502977e+00
1.000000000000000000e+00 1.110204081632653050e+00 0.000000000000000000e+00 0.000000000000000000e+00 1.006949541053902442e+00
1.000000000000000000e+00 1.118367346938775597e+00 0.000000000000000000e+00 0.000000000000000000e+00 1.007438286644301684e+00
1.000000000000000000e+00 1.126530612244897922e+00 0.000000000000000000e+00 0.000000000000000000e+00 1.007927032234701148e+00
1.000000000000000000e+00 1.134693877551020469e+00 0.000000000000000000e+00 0.000000000000000000e+00 1.008415777825100612e+00
1.000000000000000000e+00 1.142857142857142794e+00 0.000000000000000000e+00 0.000000000000000000e+00 1.008904523415499854e+00
1.000000000000000000e+00 1.151020408163265341e+00 0.000000000000000000e+00 0.000000000000000000e+00 1.009393269005899318e+00
1.000000000000000000e+00 1.159183673469387887e+00 0.000000000000000000e+00 0.000000000000000000e+00 1.009882014596298783e+00
1.000000000000000000e+00 1.167346938775510212e+00 0.000000000000000000e+00 0.000000000000000000e+00 1.010370760186698025e+00
1.000000000000000000e+00 1.175510204081632537e+00 0.000000000000000000e+00 0.000000000000000000e+00 1.010859505777097489e+00
1.000000000000000000e+00 1.183673469387755084e+00 0.000000000000000000e+00 0.000000000000000000e+00 1.011348251367496731e+00
1.000000000000000000e+00 1.191836734693877631e+00 0.000000000000000000e+00 0.000000000000000000e+00 1.011836996957896417e+00
1.000000000000000000e+00 1.199999999999999956e+00 0.000000000000000000e+00 0.000000000000000000e+00 1.012325742548295660e+00
